1111111111111111111111111111111111111111111111111111111111111111111111111111111111111111111111111111
1000000001000000000000000000000000000000000000000100000000010000100000000000000000000000010000000001
1000000001000000000000000000000000000000000000000100000000010000100000000000000000000000010000000001
1000000001000000000000000000000000000000000000000100000000010000100000000000000000000000010000000001
1000100001000010000111111111111111111111111110000100001000010000100001111111111111111000010000100001
1000100001000010000100000000000000100000000010000100001000000000100001111111111100001000010000100001
1000100001000010000100000000000000100000000010000100001000000000100001100000000100001000010000100001
1000100001000010000100000000000000100000000010000100001000000000100001100000000100001000010000100001
1000100001000010000100000000000000100000000000000000000000000000000000000000000100001000010000100001
1000100001000010000100001111110000100001000000000000000000000000000000000000000100011000010000100001
1000100001000010000000001000010000100001000000000000000000000000000000000000000100001000000000100001
1000100001000010000000001000010000100001000000000000000000000000000000000000000100001000000000100001
1000100001000010000000001000010000100001000000000000000000000000000000000000000100001000000000100001
1000100001000010000000001000010000100001000000000100001000000000100001100000000100001000000000100001
1000100001111111111100001000010000111111000000011100001000011111100001110000011100001111111111100001
1000100000000000000100001000010000000001000000000000001000000000100001000000000000001000000000100001
1000100000000000000100001000010000000001000000000000001000000000100001000000000000001000000000100001
1000100000000000000100001000010000000001000000000000001000000000100001000000000000001000000000100001
1000100000000000000100001000010000000001000000000000001000000000100001000000000000001000000000100001
1000111111111110000100001000011111100001110000011111111111110000100001000000000000001000011111100001
1000000001000010000100001000010000000001000000000100000000010000100001000000000000001000010000000001
1000000001000010000100001000010000000001000000000100000000010000100001000000000000001000010000000001
1000000001000010000000000000000000000000000000000000000000000000000000000000000000001000010000000001
1000000001000010000000000000000000000000000000000000000000000000000000000000000000001000010000000001
1111100001000010000000000000000000000000000000000000000000000000000000000000000000011000010000111111
1000000001000011100000111000000000000000000000000000000000000000000000000000000000000000010000100001
1000000001000011000000001000000000000000000000000000000000000000000000000000000000000000010000100001
1000000001000011000000001000010000100001000000000000001000000000000000000010000000000000010000100001
1000000001000011000000001000010000100001000000000000001000000000000000000010000000000000010000100001
1000111111000011000000001111110000111111000000011111111111110000111111111111110000011000010000100001
1000100000000011000000001000000000100000000000000100000000010000000000000010000000000000010000100001
1000100000000011000000001000000000100000000000000100000000010000000000000010000000000000010000100001
1000100000000011000000001000000000100000000000000100000000010000000000000010000000000000010000100001
1000100000000011000000001000000000100000000000000100000000010000000000000010000000000000010000100001
1000100001111111111111111000011111100001110000000100001000010000111111000010000000011111110000100001
1000100000000000000000000000010000000001000000000100001000010000100000000010000000001000000000100001
1000100000000000000000000000010000000001000000000100001000010000100000000010000000001000000000100001
1000100000000000000000000000010000000001000000000100001000010000100000000010000000001000000000100001
1000100000000000000000000000010000000001000000000100001000010000100000000010000000001000000000100001
1000100001111111110000011111110000111111110000000100001000011111100001000011110000011000011111100001
1000100000000000000000000000000000100000000000000100001000000000100001000010000000001000000000000001
1000100000000000000000000000000000100000000000000100001000000000100001000010000000001000000000000001
1000100000000000000000000000000000100000000000000100001000000000100001000010000000001000000000000001
1000100000000000000000000000000000100000000000000100001000000000100001000010000000001000000000000001
1000111111111000000000011111111111100001110000000100001111110000100001111110000000001111111111100001
1000100000000000000100000000000000100001000000000100001000010000000001000000000000000000000000100001
1000100000000000000100000000000000100001000000000100001000010000000001000000000000000000000000100001
1000100000000000000100000000000000100001000000000100001000010000000001000000000000000000000000100001
0000000000000000000000000000000000000000000000000100001000010000000001000000000000000000000000000000
0000000000000000000000000000000000000000000000011100001000010000111111000011110000000000000000000000
0000000000000000000000000000000000000000000000000100001000000000100000000010000000000000000000000000
0000000000000000000000000000000000000000000000000100001000000000100000000010000000000000000000000000
0000000000000000000000000000000000000000000000000100001000000000100000000010000000000000000000000000
1000100001000000000100000000010000000001000000000100001000000000100000000010000000001000010000100001
1000100001111000001100001111111111111111000011111100001000011111100001111110000100001000011111100001
1000000001000000000000001000000000000001000010000000001000000000100001000010000100001000000000000001
1000000001000000000000001000000000000001000010000000001000000000100001000010000100001000000000000001
1000000001000000000000001000000000000001000010000000001000000000100001000010000100001000000000000001
1000000001000000000000001000000000000001000010000000001000000000100001000010000100001000000000000001
1000111111000000000100001000011111100001111110000111111111110000100001000010000100001111111111111111
1000100000000000000100001000010000000000000010000100000000000000100001000010000100000000000000000001
1000100000000000000100001000010000000000000010000100000000000000100001000010000100000000000000000001
1000100000000000000100001000010000000000000010000100000000000000100001000010000100000000000000000001
1000100000000000000100001000010000000000000010000100000000000000100001000010000100000000000000000001
1000111111111000000100001000011111111111000010000100001111111111100001000010000111111000011111100001
1000000000000000000100001000000000100001000010000100001000000000100001000000000000001000000000100001
1000000000000000000100001000000000100001000010000100001000000000100001000000000000001000000000100001
1000000000000000000100001000000000100001000010000100001000000000100001000000000000001000000000100001
1000000000000000000100001000000000100001000010000100001000000000100001000000000000001000000000100001
1111111111111000001100001111110000100001000010000100001111110000100001111111111111111111110000100001
1000000001000000000000001000010000100001000000000100001000000000100000000010000000000000000000100001
1000000001000000000000001000010000100001000000000100001000000000100000000010000000000000000000100001
1000000001000000000000001000010000100001000000000100001000000000100000000010000000000000000000100001
1000000001000000000000001000010000100001000000000100001000000000100000000010000000000000000000100001
1000111111000000001111111000010000100001111111111100001000010000111111000010000111111111111111100001
1000100000000000000000000000010000100001000000000100000000010000000001000000000100000000010000000001
1000100000000000000000000000010000100001000000000100000000010000000001000000000100000000010000000001
1000100000000000000000000000010000100001000000000100000000010000000001000000000100000000010000000001
1000100000000000000000000000010000100001000000000100000000010000000001000000000100000000010000000001
1000100001111000001100001000010000100001000010000111111111111111100001111111111100001000010000111111
1000100001000000000100001000010000100000000010000000000000010000000001000000000100001000010000100001
1000100001000000000100001000010000100000000010000000000000010000000001000000000100001000010000100001
1000100001000000000100001000010000100000000010000000000000010000000001000000000100001000010000100001
1000100001000000000100001000010000100000000010000000000000010000000001000000000100001000010000100001
1000100001000000000111111000010000111111111111111100001111110000111111000010000111111000010000100001
1000100001110000011100001000010000000001000000000100000000000000000000000010000000000000011111100001
1000100001100000000100001000010000000001000000000100000000000000000000000010000000000100000000100001
1000100001100000000100001000010000000001000000000100000000000000000000000010000000000100000000100001
1000100001100000000100000000000000000000000000000000000000000000000000000000000000000100000000100001
1000100001100000000100000000000000000000000000000000000000000000000000000000000000000100000000100001
1000000001100000000100000000000000000000000000000000000000000000000000000000000000000100000000100001
1000000001100000000100000000000000000000000000000000000000000000000000000000000000000100000000100001
1000000001100000000100000000000000000000000000000000000000000000000000000000000000000100000000100001
1000000001100000000100001000000000100000000010000100000000010000000000000010000100000100000000100001
1000111111111111111100001111110000111111111110000100001000010000111111000011111100001111111111100001
1000000000000000000100000000000000000000000010000000001000000000000001000000000000001000000000000001
1000000000000000000100000000000000000000000010000000001000000000000001000000000000001000000000000001
1000000000000000000100000000000000000000000010000000001000000000000001000000000000001000000000000001
1000000000000000000100000000000000000000000010000000001000000000000001000000000000001000000000000001
1111111111111111111111111111111111111111111111111111111111111111111111111111111111111111111111111111
